hkclr@jude-Precision-3640-Tower:~/ActiveReconstruction/HandEyeCalibration-using-OpenCV$ python3 HandEyeCalibration_class.py 
Finding corners...
QStandardPaths: XDG_RUNTIME_DIR not set, defaulting to '/tmp/runtime-hkclr'
[0.06792968033653024, 0.04081613130856549, 0.04624168480205033, 0.03582862239128995, 0.041411199954437934, 0.045725543877726905, 0.03796701227112566, 0.02778316628853174, 0.061948735107098515, 0.042457432466460034, 0.037893272618248465, 0.04162420056472069, 0.03463155203737668, 0.07615221729852902, 0.11203707406371688, 0.0797089028537505, 0.032976194281023934, 0.040181634381101644, 0.08735833403312365, 0.053394148941983306]
The projection error from the calibration is:  0.05220333699386959
Method: 0
The results for method 0 are:
R_cam2gripper: [[ 3.10591185e-01  9.48951637e-01 -5.49900525e-02]
 [-3.04061571e-04  5.79503465e-02  9.98319420e-01]
 [ 9.50543541e-01 -3.10052491e-01  1.82874065e-02]]
t_cam2gripper: [[-0.18311196]
 [ 0.03963604]
 [-0.0493635 ]]
Method: 1
The results for method 1 are:
R_cam2gripper: [[ 0.27373339  0.96140704 -0.0276864 ]
 [ 0.00870032  0.02630957  0.99961598]
 [ 0.96176626 -0.27386916 -0.00116275]]
t_cam2gripper: [[-0.16013931]
 [ 0.02739897]
 [-0.06179821]]
Method: 2
The results for method 2 are:
R_cam2gripper: [[ 0.27373714  0.96140496 -0.02772144]
 [ 0.00870805  0.02634378  0.99961501]
 [ 0.96176512 -0.27387315 -0.00116069]]
t_cam2gripper: [[-0.16014296]
 [ 0.02739455]
 [-0.06179512]]
Method: 3
The results for method 3 are:
R_cam2gripper: [[ 0.25613613  0.96627347 -0.02664341]
 [ 0.01163375  0.02447941  0.99963264]
 [ 0.96657071 -0.25635199 -0.00497133]]
t_cam2gripper: [[-0.13029175]
 [ 0.01357148]
 [-0.0121066 ]]
Method: 4
The results for method 4 are:
R_cam2gripper: [[ 0.25594422  0.966046   -0.0353224 ]
 [ 0.04580907  0.02437797  0.99865271]
 [ 0.96560555 -0.25721748 -0.03801427]]
t_cam2gripper: [[-0.15282257]
 [-0.01350773]
 [-0.07835642]]
The results for method using calibrateRobotWorldHandEye 4 are:
R_cam2gripper: [[ 0.27373922  0.9614123  -0.02744487]
 [ 0.00854461  0.02610277  0.99962275]
 [ 0.96176599 -0.27387046 -0.00106954]]
t_cam2gripper: [[-0.15210447]
 [-0.00556716]
 [-0.09212467]]
The results for method using calibrateRobotWorldHandEye 5 are:
R_cam2gripper: [[ 0.30610232  0.95168029 -0.02461698]
 [ 0.01933223  0.01963893  0.99962022]
 [ 0.95180231 -0.30646197 -0.01238658]]
t_cam2gripper: [[-0.11282402]
 [-0.01281375]
 [ 0.019678  ]]